4.370737467325320788e-06 1.709827947752749341e-05 3.706007841103073461e-05 6.249144681804741396e-05 9.113944556319346021e-05 1.204614933975434952e-04 1.478510469998047959e-04 1.708700740301296781e-04 1.874672752173477716e-04 1.961621944199752870e-04 1.961783913964055789e-04 1.875134658012596160e-04 1.709394849805603205e-04 1.479337427807233434e-04 1.205461623156258729e-04 9.121545138686028970e-05 6.255078085257403638e-05 3.709884918052201171e-05 1.711743762736097073e-05 4.375844933121068048e-06
1.713151446194207094e-05 6.701830625457884036e-05 1.452604449490794817e-04 2.449410729686824048e-04 3.572295845704869920e-04 4.721600946464744202e-04 5.795160127612124148e-04 6.697412430382380369e-04 7.347955260493436265e-04 7.688760754254686481e-04 7.689395609901046895e-04 7.349765743649249025e-04 6.700133057530592746e-04 5.798401466121843933e-04 4.724919623931658243e-04 3.575274965080196018e-04 2.451736382687350166e-04 1.454124106077757091e-04 6.709339841544080551e-05 1.715153365202092141e-05
3.723228574177958790e-05 1.456523142740107535e-04 3.156976229589549118e-04 5.323356577100782317e-04 7.763746747371500813e-04 1.026155603393740737e-03 1.259474509798628669e-03 1.455562926981763573e-03 1.596946787654220188e-03 1.671014772444898806e-03 1.671152746976472831e-03 1.597340263819660823e-03 1.456154206682089064e-03 1.260178956809662569e-03 1.026876858645338125e-03 7.770221331045375256e-04 5.328410968365908731e-04 3.160278931659533897e-04 1.458155136686933135e-04 3.727579387452368003e-05
6.297785239786017186e-05 2.463687030490867313e-04 5.339977899544883552e-04 9.004377735467087012e-04 1.313226107312740962e-03 1.735726798402035176e-03 2.130382225981896065e-03 2.462062839950544119e-03 2.701211517811007417e-03 2.826496402169319071e-03 2.826729784018170745e-03 2.701877076837926744e-03 2.463062980687291161e-03 2.131573787525814414e-03 1.736946790832552068e-03 1.314321273421474937e-03 9.012927162415160101e-04 5.345564370515867034e-04 2.466447523752343988e-04 6.305144575124928307e-05
9.214923465233769613e-05 3.604868467860610068e-04 7.813459141077103371e-04 1.317521136798959847e-03 1.921513295655867537e-03 2.539716582074797238e-03 3.117176660788311369e-03 3.602491951204071004e-03 3.952414452430997628e-03 4.135731376834670368e-03 4.136072861307951362e-03 3.953388298832751467e-03 3.603955357781542940e-03 3.118920154415514082e-03 2.541501675793779273e-03 1.923115743419526874e-03 1.318772089506904232e-03 7.821633269040893007e-04 3.608907623399034391e-04 9.225691649495778505e-05
1.221846610884858280e-04 4.779851223679645552e-04 1.036020386586059515e-03 1.746958335400736109e-03 2.547817696940347411e-03 3.367520207979815376e-03 4.133199535387562136e-03 4.776700097320925667e-03 5.240677496384017232e-03 5.483745345667354922e-03 5.484198134719713708e-03 5.241968761504098989e-03 4.778640491480207024e-03 4.135511309096235287e-03 3.369887141051829734e-03 2.549942451830057230e-03 1.748617027773295002e-03 1.037104229613852952e-03 4.785206914938615395e-04 1.223274411071773244e-04
1.504043137892252676e-04 5.883801099971895264e-04 1.275298666199016755e-03 2.150434165087489798e-03 3.136259240354599253e-03 4.145279460944402417e-03 5.087799354975584137e-03 5.879922192477023135e-03 6.451059368765125514e-03 6.750265936512633153e-03 6.750823301292329173e-03 6.452648863244849799e-03 5.882310738219218363e-03 5.090645053733361923e-03 4.148193058619400672e-03 3.138874726605492185e-03 2.152475947467166837e-03 1.276632832577970743e-03 5.890393736572035631e-04 1.505800701447516997e-04
1.742568820245485523e-04 6.816911086543346642e-04 1.477547841701774747e-03 2.491470777442913401e-03 3.633637511293372115e-03 4.802677900561070148e-03 5.894671699423380089e-03 6.812417024446943900e-03 7.474130648483933922e-03 7.820788282586220441e-03 7.821434039654092882e-03 7.475972220344830055e-03 6.815184368834292274e-03 5.897968696565307999e-03 4.806053564686087187e-03 3.636667786606407726e-03 2.493836365385730929e-03 1.479093593066465413e-03 6.824549247107433974e-04 1.744605115198634741e-04
1.915622814917299565e-04 7.493896512394529258e-04 1.624282681298624617e-03 2.738898004210238088e-03 3.994492978929943712e-03 5.279630423846160860e-03 6.480069804228382434e-03 7.488956146319087660e-03 8.216384354846527349e-03 8.597468456166582410e-03 8.598178343177949323e-03 8.218408812664697652e-03 7.491998314859777720e-03 6.483694225182209600e-03 5.283341324177973086e-03 3.997824189988920945e-03 2.741498517992687570e-03 1.625981940774631242e-03 7.502293216427460094e-04 1.917861333720607335e-04
2.007242225832904471e-04 7.852310694237380840e-04 1.701968027945227396e-03 2.869892592366934340e-03 4.185539510003877944e-03 5.532141839725162637e-03 6.789995209966964880e-03 7.847134042904725312e-03 8.609353309165287266e-03 9.008663702529952702e-03 9.009407541647874648e-03 8.611474591698135839e-03 7.850321710698758906e-03 6.793792977839524516e-03 5.536030223066410773e-03 4.189030044491480649e-03 2.872617482169003127e-03 1.703748558718996137e-03 7.861108991460422557e-04 2.009587807348431723e-04
2.008888908316294698e-04 7.858752498972178344e-04 1.703364272455646549e-03 2.872246967838018236e-03 4.188973203509293100e-03 5.536680246174476190e-03 6.795565522324169966e-03 7.853571600867068070e-03 8.616416169394527924e-03 9.016054145261130290e-03 9.016798594602718972e-03 8.618539192165044008e-03 7.856761883729719911e-03 6.799366405773679678e-03 5.540571819431028451e-03 4.192466601528704179e-03 2.874974093059535531e-03 1.705146263924505780e-03 7.867558014059625182e-04 2.011236414077940298e-04
1.920316124694944782e-04 7.512256691392354534e-04 1.628262202596046822e-03 2.745608352762673315e-03 4.004279557377815255e-03 5.292565611763931123e-03 6.495946089859931834e-03 7.507304221332644287e-03 8.236514641836690034e-03 8.618532405944987623e-03 8.619244032191952093e-03 8.238544059611815906e-03 7.510353843239512932e-03 6.499579390708862085e-03 5.296285603867008883e-03 4.007618929962724133e-03 2.748215237849900398e-03 1.629965625287856362e-03 7.520673967499002209e-04 1.922560127909006327e-04
1.749613571045378153e-04 6.844470078344271459e-04 1.483521181875635010e-03 2.501543143336493018e-03 3.648327359101219067e-03 4.822093873456000622e-03 5.918502318155278996e-03 6.839957847927886567e-03 7.504346607390142802e-03 7.852405687803435536e-03 7.853054055498253500e-03 7.506195624244722982e-03 6.842736379965515085e-03 5.921812644195429895e-03 4.825483184509503365e-03 3.651369885026110786e-03 2.503918294733763813e-03 1.485073182309579708e-03 6.852139117997724585e-04 1.751658098207506810e-04
1.512422663983958827e-04 5.916581718820815988e-04 1.282403780526447613e-03 2.162414951237035844e-03 3.153732386883876734e-03 4.168374195746196026e-03 5.116145182545143826e-03 5.912681200637768045e-03 6.487000372674417946e-03 6.787873920030294828e-03 6.788434390075006458e-03 6.488598722757815337e-03 5.915083053764673068e-03 5.119006735639651355e-03 4.171304026045633342e-03 3.156362444881130862e-03 2.164468109067498643e-03 1.283745379991423508e-03 5.923211085199126024e-04 1.514190019512211619e-04
1.230408755691821674e-04 4.813346245041812610e-04 1.043280345809975002e-03 1.759200224117485464e-03 2.565671643473800122e-03 3.391118256543341515e-03 4.162163116104117613e-03 4.810173037023600384e-03 5.277401778474850695e-03 5.522172936589884312e-03 5.522628898581758393e-03 5.278702092192865021e-03 4.812127028581515004e-03 4.164491089670286153e-03 3.393501776004620094e-03 2.567811287678430261e-03 1.760870539851086460e-03 1.044371783916324967e-03 4.818739466547167054e-04 1.231846561252510866e-04
9.291607127916394341e-05 3.634867036882638504e-04 7.878480263327219827e-04 1.328485128720600711e-03 1.937503518250727414e-03 2.560851295827200249e-03 3.143116813680255171e-03 3.632470743609893769e-03 3.985305188614723416e-03 4.170147618167476325e-03 4.170491944365920661e-03 3.986287139056454536e-03 3.633946328191426604e-03 3.144874816106879318e-03 2.562651244528393185e-03 1.939119301075102782e-03 1.329746491459211357e-03 7.886722413784912240e-04 3.638939804989237592e-04 9.302464921584206498e-05
6.357502219166220447e-05 2.487048250665496230e-04 5.390612739885833078e-04 9.089759217859329742e-04 1.325678404967561060e-03 1.752185340172374498e-03 2.150582976978724758e-03 2.485408659194491676e-03 2.726824997211758569e-03 2.853297860291309409e-03 2.853533455117979872e-03 2.727496867215198351e-03 2.486418283484807465e-03 2.151785837170234420e-03 1.753416900838408038e-03 1.326783955681312948e-03 9.098389712347259434e-04 5.396252182998900575e-04 2.489834919529120938e-04 6.364931337335943409e-05
3.762156258359496889e-05 1.471751612272401220e-04 3.189983543318951212e-04 5.379014170904288438e-04 7.844919491785674577e-04 1.036884426632552056e-03 1.272642765514153196e-03 1.470781357115432059e-03 1.613643436534592003e-03 1.688485828553422689e-03 1.688625245658000474e-03 1.614041026633868158e-03 1.471378818856185731e-03 1.273354577770243520e-03 1.037613222865378876e-03 7.851461769544186954e-04 5.384121407635327145e-04 3.193320776318731772e-04 1.473400669298897535e-04 3.766552560940814926e-05
1.732346527232221943e-05 6.776921582678433593e-05 1.468880220197508709e-04 2.476855260382591602e-04 3.612321792273836532e-04 4.774504332792821131e-04 5.860092255197954037e-04 6.772453883741439730e-04 7.430285749722728792e-04 7.774909813690088819e-04 7.775551782604687556e-04 7.432116518517266996e-04 6.775204994276819680e-04 5.863369911428233236e-04 4.777860194528297643e-04 3.615334291324154032e-04 2.479206971265226307e-04 1.470416903844025771e-04 6.784514936109173040e-05 1.734370876830328110e-05
4.421831137657635889e-06 1.729815738403619226e-05 3.749330860226954737e-05 6.322196824748080573e-05 9.220486045500434001e-05 1.218696813469282673e-04 1.495794172600180944e-04 1.728675353961949045e-04 1.896587569134461652e-04 1.984553192229057011e-04 1.984717055410664384e-04 1.897054874626444960e-04 1.729377577566622282e-04 1.496630797498836379e-04 1.219553400398203780e-04 9.228175478240136756e-05 6.328199589347596830e-05 3.753253259983692656e-05 1.731753949154876893e-05 4.426998309436637686e-06
