-9.900000 6381
-9.700000 6820
-9.500000 6951
-9.300000 7418
-9.100000 7586
-8.900000 7838
-8.700000 8252
-8.500000 8740
-8.300000 9267
-8.100000 9631
-7.900000 9864
-7.700000 10423
-7.500000 11190
-7.300000 11704
-7.100000 12253
-6.900000 13116
-6.700000 13879
-6.500000 14858
-6.300000 15654
-6.100000 16729
-5.900000 17699
-5.700000 18991
-5.500000 20249
-5.300000 21597
-5.100000 23709
-4.900000 25489
-4.700000 27441
-4.500000 29988
-4.300000 32780
-4.100000 35489
-3.900000 39400
-3.700000 43283
-3.500000 48214
-3.300000 53930
-3.100000 60231
-2.900000 67733
-2.700000 77384
-2.500000 88525
-2.300000 101670
-2.100000 118434
-1.900000 138083
-1.700000 163992
-1.500000 196726
-1.300000 237958
-1.100000 288427
-0.900000 351140
-0.700000 427826
-0.500000 508406
-0.300000 581035
-0.100000 629429
0.100000 627600
0.300000 582578
0.500000 507985
0.700000 427610
0.900000 351906
1.100000 288463
1.300000 237278
1.500000 196124
1.700000 164440
1.900000 138385
2.100000 118265
2.300000 101215
2.500000 88416
2.700000 77212
2.900000 67707
3.100000 60025
3.300000 53916
3.500000 47993
3.700000 43213
3.900000 39187
4.100000 35413
4.300000 32613
4.500000 30097
4.700000 27765
4.900000 25517
5.100000 23845
5.300000 22156
5.500000 20291
5.700000 18686
5.900000 17781
6.100000 16765
6.300000 15488
6.500000 14518
6.700000 13880
6.900000 13046
7.100000 12425
7.300000 11964
7.500000 11344
7.700000 10598
7.900000 10298
8.100000 9440
8.300000 9148
8.500000 8672
8.700000 8256
8.900000 8013
9.100000 7570
9.300000 7188
9.500000 6983
9.700000 6811
9.900000 6402
