-9.900000 649
-9.700000 685
-9.500000 715
-9.300000 711
-9.100000 741
-8.900000 831
-8.700000 859
-8.500000 865
-8.300000 904
-8.100000 1014
-7.900000 1010
-7.700000 1015
-7.500000 1057
-7.300000 1158
-7.100000 1274
-6.900000 1286
-6.700000 1338
-6.500000 1496
-6.300000 1645
-6.100000 1679
-5.900000 1814
-5.700000 2013
-5.500000 1957
-5.300000 2217
-5.100000 2376
-4.900000 2578
-4.700000 2701
-4.500000 2990
-4.300000 3298
-4.100000 3497
-3.900000 3833
-3.700000 4390
-3.500000 4794
-3.300000 5351
-3.100000 5951
-2.900000 6931
-2.700000 7621
-2.500000 8942
-2.300000 9971
-2.100000 11665
-1.900000 13958
-1.700000 16351
-1.500000 19729
-1.300000 23980
-1.100000 28431
-0.900000 35343
-0.700000 42848
-0.500000 50824
-0.300000 58111
-0.100000 62976
0.100000 62764
0.300000 58493
0.500000 51030
0.700000 42858
0.900000 35148
1.100000 29165
1.300000 23618
1.500000 19393
1.700000 16433
1.900000 13778
2.100000 11747
2.300000 9970
2.500000 8717
2.700000 7762
2.900000 6795
3.100000 6064
3.300000 5271
3.500000 4830
3.700000 4318
3.900000 3946
4.100000 3589
4.300000 3224
4.500000 3027
4.700000 2760
4.900000 2570
5.100000 2438
5.300000 2220
5.500000 2077
5.700000 1904
5.900000 1866
6.100000 1676
6.300000 1612
6.500000 1468
6.700000 1341
6.900000 1260
7.100000 1192
7.300000 1160
7.500000 1117
7.700000 1086
7.900000 1017
8.100000 980
8.300000 948
8.500000 871
8.700000 866
8.900000 786
9.100000 760
9.300000 705
9.500000 640
9.700000 731
9.900000 642
